_viz_0 = nengo_viz.XYValue(shape)
_viz_config[_viz_0].x = -396.664
_viz_config[_viz_0].y = 1028.32
_viz_config[_viz_0].width = 628.984
_viz_config[_viz_0].height = 605.469
_viz_config[_viz_0].label_visible = True
_viz_config[_viz_0].min_value = -3.4
_viz_config[_viz_0].max_value = 3.4
_viz_config[_viz_0].index_x = 0
_viz_config[_viz_0].index_y = 1
_viz_1 = nengo_viz.Raster(shape)
_viz_config[_viz_1].x = -4339.89
_viz_config[_viz_1].y = 1435.42
_viz_config[_viz_1].width = 479.16
_viz_config[_viz_1].height = 456.17
_viz_config[_viz_1].label_visible = True
_viz_2 = nengo_viz.Slider(stim)
_viz_config[_viz_2].x = -6376.25
_viz_config[_viz_2].y = 2496.98
_viz_config[_viz_2].width = 165.289
_viz_config[_viz_2].height = 155.372
_viz_config[_viz_2].label_visible = True
_viz_config[_viz_2].min_value = 0
_viz_config[_viz_2].max_value = 1
_viz_net_graph = nengo_viz.NetGraph()
_viz_sim_control = nengo_viz.SimControl()
_viz_config[model].pos=(4.48160260163804, 0.15773157501164814)
_viz_config[model].size=(0.12284597357367276, 0.12284597357367276)
_viz_config[model].expanded=True
_viz_config[model].has_layout=True
_viz_config[oscillator].pos=(-2.499951079690698, 0.8044710183488576)
_viz_config[oscillator].size=(0.31066106523062414, 0.3019657731985397)
_viz_config[shape].pos=(-1.506362139570061, 0.7975054615394485)
_viz_config[shape].size=(0.3162205688226008, 0.28292313960698123)
_viz_config[stim].pos=(-3.5266058586601305, 0.805613805012903)
_viz_config[stim].size=(0.18353060047412859, 0.18367447622794325)