_viz_0 = nengo_viz.XYValue(shape)
_viz_config[_viz_0].x = -907.954
_viz_config[_viz_0].y = -99.1395
_viz_config[_viz_0].width = 571.804
_viz_config[_viz_0].height = 550.426
_viz_config[_viz_0].label_visible = True
_viz_config[_viz_0].min_value = -3.4
_viz_config[_viz_0].max_value = 3.4
_viz_config[_viz_0].index_x = 0
_viz_config[_viz_0].index_y = 1
_viz_1 = nengo_viz.Raster(shape)
_viz_config[_viz_1].x = -6961.89
_viz_config[_viz_1].y = 1343.65
_viz_config[_viz_1].width = 435.6
_viz_config[_viz_1].height = 414.7
_viz_config[_viz_1].label_visible = True
_viz_2 = nengo_viz.Slider(stim)
_viz_config[_viz_2].x = -9273.56
_viz_config[_viz_2].y = 2496.98
_viz_config[_viz_2].width = 150.263
_viz_config[_viz_2].height = 141.247
_viz_config[_viz_2].label_visible = True
_viz_config[_viz_2].min_value = 0
_viz_config[_viz_2].max_value = 1
_viz_net_graph = nengo_viz.NetGraph()
_viz_sim_control = nengo_viz.SimControl()
_viz_config[model].pos=(7.487283206763047, 0.8814693947661087)
_viz_config[model].size=(0.07627768444385502, 0.07627768444385502)
_viz_config[model].expanded=True
_viz_config[model].has_layout=True
_viz_config[oscillator].pos=(-2.499951079690698, 0.8044710183488576)
_viz_config[oscillator].size=(0.31066106523062414, 0.3019657731985397)
_viz_config[shape].pos=(-1.506362139570061, 0.7975054615394485)
_viz_config[shape].size=(0.3162205688226008, 0.28292313960698123)
_viz_config[stim].pos=(-3.5266058586601305, 0.805613805012903)
_viz_config[stim].size=(0.18353060047412859, 0.18367447622794325)